# A list of all cruises to be processed

# TODO: modify download_cruise to use ctd_datasetid_cruisename_stationname_mapping.csv instead of this

cruise_list <- c(
    "WS16074", "WS16130", "WS16263", "WS16319", "WS17086", "WS17170",
    "WS17282", "WS18008", "SAV1803", "WS18120", "SAV18173", "WS18218",
    "WS18285", "WS18351", "WS19028", "WS19119", "WS19210", "WS19266",
    "WS19322", "WS20006", "WS20231", "WS20279", "WS20342", "WS21032",
    "WS21093"
)
